w/o standardization:
59.3886
51.5284
51.5284
47.5983
49.345
47.5983
49.7817
48.4716
48.9083
47.1616
47.1616
46.2882
47.5983
49.345
49.7817
49.7817
51.0917
51.0917
51.0917
52.4017
51.9651
52.4017
52.8384
51.9651
52.4017
50.655
51.9651
52.8384
52.4017
51.5284
52.4017
50.2183
51.0917
49.7817
50.655
50.655
52.4017
51.0917
51.9651
49.345
48.9083
47.5983
48.9083
47.5983
47.5983
47.1616
48.0349
47.1616
46.2882
47.1616
48.0349
47.5983
47.5983
47.1616
47.5983
46.7249
47.1616
48.9083
46.2882
45.8515
45.8515
47.5983
45.4148
45.8515
45.4148
46.7249
45.4148
45.8515
45.4148
44.9782
44.9782
45.4148
44.9782
46.7249
44.5415
43.6681
43.2314
44.9782
44.1048
44.5415
43.2314
43.6681
42.7948
43.2314
43.6681
44.1048
43.6681
44.5415
45.8515
46.2882
45.4148
43.6681
44.9782
44.5415
44.5415
45.8515
45.4148
45.4148
44.9782
45.4148

w/ standardization:
64.1921
58.5153
63.7555
62.8821
59.3886
61.5721
59.8253
58.952
58.0786
58.5153
60.262
59.3886
61.1354
58.952
59.3886
61.1354
61.1354
61.1354
59.3886
59.3886
57.6419
59.8253
58.5153
58.0786
57.6419
57.6419
56.3319
56.7686
60.262
57.6419
60.262
58.0786
58.5153
58.0786
57.6419
59.3886
57.2052
57.2052
56.7686
57.2052
56.3319
58.952
58.952
59.8253
59.3886
58.5153
57.2052
58.5153
58.952
57.2052
57.6419
57.2052
56.7686
56.3319
54.5852
55.0218
55.8952
55.4585
55.8952
55.8952
56.7686
54.5852
54.1485
54.5852
54.1485
55.4585
54.5852
56.3319
57.6419
56.7686
56.7686
55.8952
56.7686
55.8952
55.8952
55.4585
55.8952
55.4585
55.8952
58.5153
58.0786
58.5153
58.5153
59.8253
58.5153
58.952
59.8253
60.262
60.262
58.5153
58.5153
59.3886
58.5153
58.5153
58.0786
58.0786
58.0786
58.0786
57.6419
57.6419
